1 0.5827113402061855 0.08653719008264464 0.031835051546391754 0.10252892561983472 0 0 0 0 0 0 0 0 0 0 0 0 0 0 0 563.37 21.34 2 580.67 23.39 2 556.12 30.55 2 0 0 0 549.79 41.92 2 0 0 0 567.35 50.85 2 578.72 50.84 2 567.31 67.23 2 576.5 60.04 2 569.36 83.37 2 575.97 73.9 2
1 0.6541546391752577 0.09297520661157024 0.032020618556701026 0.09292561983471075 0 0 0 0 0 0 0 0 0 0 0 0 0 0 0 645.39 29.69 2 626.47 28.14 2 650.06 44.9 2 619.54 36.75 2 643.29 44.33 2 619.0 46.29 2 639.49 55.61 2 629.04 54.72 2 0 0 0 634.44 65.76 2 629.43 84.36 2 635.06 83.84 2
1 0.8423247422680412 0.38944628099173556 0.0678659793814433 0.273801652892562 0 0 0 0 0 0 0 0 0 824.7 152.79 2 0 0 0 812.83 171.37 2 847.96 171.45 2 801.27 201.92 2 849.97 203.64 2 784.14 219.07 2 0 0 0 814.12 236.15 2 837.0 235.6 2 807.35 272.86 2 0 0 0 805.3 318.44 2 798.26 311.21 2
1 0.5209492924528302 0.5613854166666667 0.12168632075471698 0.6030625000000001 0 0 0 0 0 0 0 0 0 432.46 125.7 2 462.41 124.73 2 398.24 159.1 2 476.86 156.05 2 390.17 212.26 2 487.51 191.09 2 394.12 233.2 2 481.39 141.93 2 415.16 265.94 2 465.82 263.38 2 433.12 341.04 2 479.41 326.7 2 446.68 414.2 2 493.36 380.18 2
1 0.8885625000000001 0.628625 0.04290625 0.21922222222222223 1143.45 376.89 2 1146.23 373.69 2 0 0 0 1153.48 376.47 2 0 0 0 1150.79 403.78 2 1164.82 386.76 2 1138.81 434.73 2 0 0 0 1120.38 450.15 2 0 0 0 1148.68 457.84 2 1136.1 465.15 2 0 0 0 1120.74 490.39 2 0 0 0 1109.9 531.53 2
1 0.8179648437500001 0.7486458333333333 0.0756015625 0.23712499999999997 0 0 0 0 0 0 0 0 0 1066.84 453.66 2 0 0 0 1043.49 472.83 2 1095.38 465.79 2 1028.86 512.14 2 1091.5 505.43 2 1020.51 520.75 2 0 0 0 1029.29 535.46 2 1062.63 533.05 2 1014.1 577.52 2 1042.79 581.62 2 998.61 617.1 2 1027.57 624.39 2
1 0.49178999999999995 0.6393413173652696 0.11218 0.3311377245508982 233.29 164.28 2 235.56 161.15 2 231.35 160.84 2 244.32 158.24 2 0 0 0 257.85 167.09 2 225.48 167.89 2 269.77 186.72 2 220.47 186.15 2 273.94 206.53 2 217.85 208.29 2 256.56 215.62 2 234.46 213.55 2 251.86 245.53 2 243.8 240.01 2 253.53 268.84 2 254.62 235.42 2
1 0.9119268292682926 0.40971882640586793 0.13221138211382114 0.3456479217603912 0 0 0 0 0 0 0 0 0 576.86 96.89 2 0 0 0 601.49 125.54 2 529.54 108.03 2 593.57 200.39 2 520.18 175.01 2 553.05 238.26 2 530.22 233.67 2 572.94 229.22 2 525.77 218.33 2 0 0 0 0 0 0 0 0 0 0 0 0
1 0.6827804878048781 0.4185574572127139 0.16598373983739836 0.5519804400977995 448.13 62.01 2 0 0 0 445.68 58.31 2 0 0 0 423.9 64.7 2 456.28 92.31 2 376.05 96.63 2 466.28 152.2 2 368.87 173.3 2 470.95 198.2 2 384.4 227.03 2 453.6 212.97 2 402.81 216.47 2 454.76 284.07 2 410.52 252.88 2 0 0 0 0 0 0
1 0.7144921875 0.5703385416666666 0.07541015625 0.30137152777777776 0 0 0 0 0 0 0 0 0 703.02 241.72 2 0 0 0 693.03 285.12 2 767.03 263.43 2 697.22 355.15 2 0 0 0 711.42 415.31 2 0 0 0 721.89 404.64 2 770.25 390.78 2 0 0 0 0 0 0 0 0 0 0 0 0
1 0.4829 0.7406222222222222 0.08775 0.4136296296296296 0 0 0 0 0 0 0 0 0 0 0 0 0 0 0 541.31 360.32 2 601.17 432.5 2 0 0 0 611.63 523.0 2 0 0 0 632.13 480.35 2 526.83 492.12 2 578.1 539.5 2 0 0 0 606.44 582.24 2 558.1 583.22 2 609.19 639.52 2
1 0.6393708333333333 0.41517037037037036 0.08899166666666668 0.3533925925925926 0 0 0 0 0 0 0 0 0 0 0 0 0 0 0 810.0 161.98 2 720.68 160.97 2 809.25 212.41 2 713.85 206.38 2 769.93 232.66 2 726.58 222.09 2 793.16 252.9 2 749.25 248.71 2 805.74 311.52 2 751.26 337.98 2 820.64 385.05 2 750.28 399.51 2
1 0.9067791666666667 0.4958222222222222 0.06845833333333334 0.3327407407407407 0 0 0 0 0 0 0 0 0 1083.71 222.38 2 1106.02 223.82 2 1067.41 245.01 2 1119.35 252.67 2 1047.06 284.28 2 1129.21 299.46 2 0 0 0 0 0 0 1066.56 321.53 2 1098.32 325.49 2 1060.46 375.47 2 1084.66 396.24 2 1051.08 432.79 2 1077.81 446.98 2
1 0.6661484375 0.3731666666666667 0.034796875 0.24594444444444447 421.0 91.47 2 422.64 90.07 2 0 0 0 428.02 91.41 2 0 0 0 434.83 103.92 2 420.35 101.15 2 437.47 123.18 2 418.35 119.59 2 426.69 133.52 2 415.2 129.76 2 427.64 139.34 2 418.75 132.82 2 421.27 157.66 2 415.87 156.58 2 417.97 178.61 2 425.87 169.14 2
1 0.6104765624999999 0.18381944444444442 0.058359375000000005 0.2227777777777778 0 0 0 0 0 0 0 0 0 0 0 0 0 0 0 754.53 52.15 2 787.3 57.71 2 0 0 0 785.13 93.6 2 0 0 0 802.41 105.91 2 768.03 121.9 2 796.06 125.66 2 777.2 171.51 2 818.76 160.8 2 744.06 212.55 2 815.4 211.29 2
1 0.423564453125 0.33337673611111107 0.0646875 0.3924826388888889 462.98 83.23 2 0 0 0 460.5 78.99 2 0 0 0 448.54 80.17 2 462.85 95.52 2 429.48 100.39 2 0 0 0 429.78 163.69 2 0 0 0 456.74 196.95 2 454.35 184.96 2 442.48 193.75 2 440.56 240.28 2 457.09 241.03 2 400.61 274.84 2 466.85 305.06 2
1 0.6166006097560975 0.6881979166666667 0.18030487804878048 0.40847916666666667 0 0 0 0 0 0 0 0 0 0 0 0 443.44 232.3 2 371.01 249.27 2 454.75 274.0 2 354.24 296.83 2 463.63 313.87 2 0 0 0 0 0 0 375.75 343.54 2 418.15 353.07 2 362.86 387.35 2 415.84 392.91 2 345.35 428.37 2 409.19 419.03 2
1 0.2605716463414634 0.36075 0.12958841463414636 0.3253333333333333 192.52 104.21 2 193.08 95.08 2 186.87 99.37 2 0 0 0 162.55 101.38 2 197.12 112.04 2 128.43 143.62 2 213.21 159.51 2 135.91 208.12 2 213.44 203.79 2 161.62 251.24 2 201.59 219.93 2 166.91 238.51 2 0 0 0 0 0 0 0 0 0 0 0 0
1 0.36594140625 0.40125 0.06446093750000001 0.2841111111111111 473.05 191.49 2 475.94 186.62 2 467.98 187.04 2 0 0 0 456.85 189.73 2 499.22 209.09 2 436.51 215.52 2 509.66 250.21 2 427.15 256.8 2 481.81 264.43 2 456.96 263.67 2 487.71 281.45 2 450.05 283.84 2 493.68 344.43 2 474.33 339.76 2 0 0 0 465.98 391.18 2
1 0.4042734375 0.29831034482758617 0.12589062499999998 0.23032183908045978 259.54 85.43 2 263.77 80.67 2 255.27 80.54 2 273.32 79.72 2 246.21 79.67 2 290.01 100.09 2 232.0 98.41 2 299.02 136.8 2 221.65 138.36 2 283.57 153.63 2 218.45 177.98 2 279.22 179.86 2 240.39 177.58 2 0 0 0 0 0 0 0 0 0 0 0 0
1 0.6337576219512195 0.7019583333333334 0.1655640243902439 0.5020833333333333 438.48 233.13 2 441.7 218.45 2 430.47 220.67 2 455.12 216.44 2 408.58 218.16 2 455.69 231.14 2 371.74 258.62 2 470.05 282.03 2 361.44 308.73 2 461.82 314.05 2 403.75 332.07 2 436.12 336.71 2 388.18 356.05 2 419.49 380.62 2 398.44 412.23 2 381.7 408.32 2 406.22 457.44 2
1 0.5968796296296296 0.6784431630971993 0.11772222222222223 0.44271828665568375 637.16 288.72 2 643.68 282.43 2 629.74 281.38 2 657.87 279.42 2 622.72 277.45 2 682.9 300.78 2 596.6 306.84 2 708.2 353.95 2 581.06 361.04 2 669.99 389.87 2 616.55 407.39 2 664.88 402.79 2 610.76 409.82 2 684.67 479.18 2 638.61 482.03 2 0 0 0 674.26 546.18 2
1 0.70730859375 0.2981666666666667 0.06741406250000001 0.4485 872.23 60.25 2 877.75 53.33 2 870.29 53.22 2 895.09 54.3 2 0 0 0 936.17 96.33 2 870.29 85.85 2 947.86 158.47 2 869.83 139.27 2 925.29 187.85 2 862.21 173.68 2 918.45 209.24 2 879.89 201.29 2 891.54 280.89 2 909.47 279.69 2 875.73 376.14 2 948.5 346.48 2
1 0.62896484375 0.3505972222222222 0.0965234375 0.4543055555555556 0 0 0 0 0 0 0 0 0 0 0 0 0 0 0 829.24 88.88 2 764.45 99.57 2 0 0 0 748.71 163.09 2 0 0 0 786.85 194.36 2 831.43 198.63 2 787.67 211.2 2 848.16 306.3 2 785.33 296.89 2 866.85 415.98 2 743.3 347.43 2
1 0.6177791666666667 0.21661666666666665 0.05189166666666667 0.20346666666666666 0 0 0 0 0 0 0 0 0 0 0 0 748.9 68.93 2 725.14 84.37 2 759.8 83.26 2 714.88 107.69 2 772.47 93.08 2 710.2 127.61 2 0 0 0 727.43 128.72 2 749.94 131.89 2 728.28 154.01 2 743.95 158.16 2 727.62 180.38 2 735.45 191.01 2
1 0.6541416666666666 0.245475 0.05611666666666667 0.20045 0 0 0 0 0 0 0 0 0 0 0 0 793.98 87.15 2 771.41 103.18 2 808.37 103.68 2 759.69 131.49 2 814.92 128.48 2 751.3 152.57 2 818.64 150.59 2 771.54 147.9 2 799.21 148.15 2 773.34 178.51 2 794.13 172.54 2 777.34 207.42 2 796.13 192.61 2
1 0.534328125 0.5203055555555556 0.271796875 0.5629444444444445 650.42 181.45 2 654.93 171.96 2 0 0 0 678.31 177.66 2 0 0 0 754.24 237.71 2 642.61 220.59 2 817.89 311.24 2 597.17 231.11 2 857.89 392.03 2 509.99 238.95 2 749.8 391.04 2 694.2 373.69 2 746.69 498.71 2 653.16 464.63 2 776.01 577.28 2 631.51 535.3 2
1 0.4838641686182669 0.4886875 0.1349648711943794 0.4036666666666667 467.25 143.29 2 465.55 137.69 2 462.7 139.45 2 0 0 0 445.71 140.89 2 453.98 158.25 2 399.54 168.07 2 459.94 218.56 2 355.59 195.83 2 470.85 263.8 2 388.84 232.71 2 448.9 252.92 2 408.81 256.43 2 450.21 326.43 2 409.77 331.45 2 0 0 0 0 0 0
1 0.5486640625 0.6811666666666667 0.211015625 0.1626111111111111 567.93 447.97 2 567.24 442.01 2 0 0 0 587.16 431.9 2 0 0 0 614.63 436.15 2 620.26 447.32 2 0 0 0 639.05 478.49 2 0 0 0 599.38 482.19 2 690.19 458.96 2 689.42 458.31 2 722.66 512.12 2 761.46 509.62 2 789.0 548.98 2 837.34 530.26 2
1 0.5835898437499999 0.4858402777777778 0.0829140625 0.3257638888888889 751.33 238.77 2 754.31 234.3 2 0 0 0 768.81 232.53 2 0 0 0 782.24 259.88 2 782.77 239.43 2 761.9 310.95 2 758.52 284.02 2 724.33 318.5 2 725.71 306.34 2 799.59 328.86 2 800.06 319.51 2 718.0 361.82 2 778.84 396.81 2 693.93 430.67 2 786.17 467.08 2
1 0.6455078125 0.39525000000000005 0.078234375 0.21916666666666668 0 0 0 0 0 0 0 0 0 0 0 0 0 0 0 415.48 102.84 2 438.16 103.68 2 401.63 114.94 2 0 0 0 0 0 0 0 0 0 413.04 133.78 2 429.39 133.72 2 392.85 153.39 2 412.85 155.96 2 388.09 181.74 2 425.34 179.9 2
1 0.2398095238095238 0.6353979591836735 0.07809523809523809 0.2905510204081633 147.56 249.84 2 147.88 246.68 2 0 0 0 156.29 240.16 2 0 0 0 180.73 241.9 2 149.49 263.14 2 196.67 260.41 2 153.01 295.61 2 204.96 279.53 2 153.43 328.98 2 186.05 311.92 2 165.32 304.95 2 183.93 351.86 2 163.85 341.09 2 186.59 382.53 2 168.17 362.81 2
1 0.9666875000000001 0.307875 0.017109375 0.21369444444444446 0 0 0 0 0 0 0 0 0 1245.85 144.74 2 0 0 0 1248.31 158.7 2 1244.07 155.59 2 1238.78 189.01 2 0 0 0 1226.41 209.33 2 0 0 0 1244.35 225.24 2 1241.8 222.18 2 1237.72 259.1 2 0 0 0 1237.34 298.6 2 0 0 0
1 0.7679960937500001 0.3212152777777778 0.0249296875 0.18870833333333334 0 0 0 0 0 0 0 0 0 0 0 0 0 0 0 996.64 170.18 2 976.4 163.34 2 998.99 206.85 2 0 0 0 995.51 239.0 2 0 0 0 988.23 223.3 2 975.21 218.42 2 981.84 253.25 2 967.08 253.25 2 985.73 299.21 2 971.96 290.78 2
1 0.6760843373493975 0.11766881028938907 0.019542168674698795 0.08864951768488746 0 0 0 0 0 0 0 0 0 0 0 0 0 0 0 283.25 22.81 2 276.52 23.27 2 0 0 0 0 0 0 0 0 0 0 0 0 283.49 34.58 2 278.82 34.63 2 283.93 42.66 2 277.74 43.27 2 284.63 50.38 2 277.82 49.78 2
1 0.824987951807229 0.3392443729903537 0.04997590361445783 0.17180064308681672 0 0 0 0 0 0 0 0 0 0 0 0 0 0 0 333.58 88.4 2 345.88 86.96 2 333.32 100.43 2 352.74 84.72 2 332.57 109.91 2 352.68 78.79 2 337.52 107.53 2 345.58 106.63 2 334.72 118.9 2 344.68 121.87 2 332.0 127.24 2 345.25 132.22 2
1 0.7316867469879519 0.37842443729903535 0.04963855421686748 0.17009646302250803 0 0 0 0 0 0 0 0 0 0 0 0 0 0 0 296.52 91.24 2 307.99 94.24 2 293.35 100.56 2 310.1 105.69 2 293.93 109.65 2 313.95 109.41 2 298.03 112.25 2 306.04 114.19 2 301.18 127.29 2 307.67 127.29 2 302.37 138.96 2 305.31 144.14 2
1 0.18637037037037038 0.2518174342105263 0.051222222222222225 0.2847532894736842 0 0 0 0 0 0 0 0 0 0 0 0 0 0 0 173.62 71.65 2 222.69 66.54 2 174.47 108.05 2 0 0 0 0 0 0 0 0 0 189.04 133.48 2 228.94 128.46 2 200.91 186.41 2 228.31 183.42 2 203.34 239.67 2 0 0 0
1 0.6913194444444445 0.34482730263157896 0.0763425925925926 0.34741776315789474 0 0 0 0 0 0 0 0 0 0 0 0 0 0 0 725.0 104.04 2 767.61 119.47 2 0 0 0 778.04 155.69 2 0 0 0 787.85 174.75 2 705.4 187.13 2 734.34 200.31 2 0 0 0 723.46 252.99 2 0 0 0 705.97 315.27 2
1 0.4092037470725996 0.5214166666666668 0.07782201405152224 0.39287500000000003 0 0 0 0 0 0 0 0 0 0 0 0 0 0 0 320.45 188.8 2 356.33 194.64 2 329.61 168.14 2 369.5 177.84 2 352.41 155.99 2 382.69 156.58 2 317.73 245.6 2 346.49 249.62 2 317.67 293.47 2 340.4 299.83 2 316.23 337.43 2 343.24 344.57 2
1 0.6495316159250586 0.5802708333333333 0.08215456674473068 0.244125 589.29 224.12 2 0 0 0 589.78 220.22 2 0 0 0 585.26 219.94 2 558.48 220.91 2 576.97 245.65 2 0 0 0 577.13 275.3 2 0 0 0 589.74 252.1 2 550.19 277.87 2 560.23 290.53 2 543.18 301.41 2 552.81 315.41 2 519.62 324.79 2 541.73 337.12 2
1 0.8786007025761124 0.4583125 0.04743559718969555 0.21954166666666666 753.13 167.93 2 755.16 167.3 2 0 0 0 757.48 172.86 2 0 0 0 749.76 183.47 2 769.12 182.31 2 742.84 202.95 2 770.58 197.24 2 737.03 211.91 2 0 0 0 746.22 211.29 2 760.11 211.84 2 736.25 228.3 2 746.32 241.76 2 730.07 242.25 2 737.13 272.68 2
1 0.35847656250000004 0.6924305555555555 0.1295 0.44583333333333336 463.24 352.05 2 463.41 338.05 2 446.36 344.24 2 0 0 0 413.76 351.37 2 436.06 371.61 2 375.97 426.64 2 474.38 421.25 2 389.07 543.05 2 526.16 459.78 2 472.14 555.29 2 465.99 520.5 2 414.01 552.6 2 515.17 604.16 2 461.24 635.62 2 541.73 659.05 2 0 0 0
1 0.530359375 0.17297916666666666 0.046234375 0.15829166666666666 0 0 0 0 0 0 0 0 0 0 0 0 0 0 0 691.55 71.08 2 657.27 77.38 2 708.45 76.97 2 649.27 97.37 2 697.99 67.56 2 658.97 101.82 2 686.94 113.95 2 666.06 117.26 2 697.79 134.52 2 673.57 147.7 2 690.76 170.99 2 671.56 181.53 2
1 0.41044921875 0.31540972222222224 0.0368046875 0.13395833333333335 0 0 0 0 0 0 0 0 0 0 0 0 0 0 0 515.28 183.62 2 511.22 178.87 2 0 0 0 0 0 0 0 0 0 501.82 197.41 2 517.47 220.65 2 517.47 218.13 2 523.74 243.3 2 509.36 245.35 2 548.93 257.68 2 514.19 275.32 2
1 0.7451015624999999 0.5788333333333333 0.100859375 0.4762777777777778 502.92 127.95 2 503.67 122.65 2 497.08 124.09 2 0 0 0 476.0 123.97 2 508.26 141.48 2 444.59 154.96 2 507.76 182.14 2 448.35 201.38 2 507.19 208.16 2 458.86 221.5 2 495.44 211.94 2 463.52 218.13 2 500.67 250.13 2 457.11 244.68 2 509.14 294.11 2 445.26 265.13 2
1 0.6420853658536585 0.4786481481481482 0.15558536585365854 0.5804444444444444 0 0 0 0 0 0 0 0 0 0 0 0 555.87 101.75 2 488.98 126.9 2 556.29 142.29 2 462.72 188.7 2 559.17 213.32 2 0 0 0 590.3 262.02 2 486.02 250.95 2 544.03 266.66 2 492.55 340.69 2 530.48 350.66 2 484.63 415.19 2 0 0 0
1 0.5646015625 0.3535277777777778 0.069125 0.2868888888888889 719.44 156.4 2 723.1 151.26 2 714.8 151.5 2 731.49 153.43 2 705.64 154.1 2 747.06 170.08 2 688.06 169.53 2 766.93 212.93 2 680.26 203.06 2 757.26 250.42 2 678.45 239.04 2 740.61 247.99 2 703.19 248.69 2 736.37 300.78 2 711.76 297.11 2 744.28 357.82 2 717.09 339.14 2
1 0.45463281250000004 0.7246527777777778 0.213484375 0.36975 248.93 212.83 2 252.23 204.99 2 238.85 206.78 2 269.29 194.6 2 0 0 0 292.72 194.32 2 222.65 229.93 2 330.93 220.31 2 224.6 252.91 2 347.67 250.15 2 232.41 282.76 2 322.37 252.97 2 283.32 280.97 2 359.28 286.08 2 318.34 314.71 2 0 0 0 335.28 327.43 2
1 0.3910166666666666 0.4439583333333334 0.1273 0.5058928571428571 119.38 34.16 2 120.46 32.09 2 117.68 32.32 2 123.35 32.11 2 114.87 32.54 2 128.92 43.8 2 109.98 44.66 2 134.63 59.07 2 104.83 58.93 2 136.4 72.81 2 98.21 74.72 2 125.08 76.38 2 112.57 75.77 2 123.42 98.16 2 112.06 97.71 2 120.77 116.03 2 114.27 117.08 2
1 0.7801484375000001 0.408 0.029515625 0.12763888888888889 0 0 0 0 0 0 0 0 0 0 0 0 0 0 0 1017.48 251.11 2 1004.69 247.81 2 0 0 0 996.75 267.57 2 0 0 0 979.7 267.77 2 1016.01 291.55 2 1014.73 286.62 2 1006.47 310.93 2 0 0 0 1004.8 339.71 2 0 0 0
1 0.5844140624999999 0.39738194444444447 0.049640625 0.15204166666666666 0 0 0 0 0 0 0 0 0 0 0 0 0 0 0 720.09 233.14 2 744.28 231.38 2 716.28 250.42 2 757.31 251.81 2 0 0 0 779.82 250.0 2 725.75 271.07 2 740.16 272.15 2 729.01 296.64 2 739.29 306.58 2 730.49 326.07 2 738.76 340.85 2
1 0.4851865671641791 0.43678832116788324 0.0750995024875622 0.28193430656934304 373.51 166.6 2 378.81 162.11 2 368.89 162.19 2 386.34 162.56 2 0 0 0 410.7 182.06 2 368.73 183.36 2 420.28 208.38 2 359.9 204.26 2 391.85 226.41 2 365.35 223.13 2 402.88 237.57 2 374.16 236.71 2 403.45 275.06 2 382.17 278.55 2 419.11 283.75 2 393.73 316.61 2
1 0.49371093749999995 0.4252013888888889 0.038109375 0.06470833333333334 0 0 0 0 0 0 0 0 0 0 0 0 0 0 0 613.49 282.85 2 643.11 284.2 2 607.56 305.73 2 649.65 313.06 2 0 0 0 656.34 329.44 2 617.1 319.51 2 636.32 320.84 2 0 0 0 0 0 0 0 0 0 0 0 0
1 0.5780234375 0.6296805555555556 0.10425 0.46275 788.9 293.29 2 787.65 287.47 2 779.13 286.78 2 0 0 0 754.14 292.41 2 744.42 316.44 2 760.81 329.51 2 0 0 0 774.9 393.82 2 0 0 0 806.59 449.82 2 745.81 438.42 2 751.5 445.35 2 775.93 505.44 2 738.55 522.18 2 789.68 596.73 2 673.15 619.96 2
1 0.65234765625 0.39665972222222223 0.0943359375 0.28204166666666663 851.82 206.66 2 858.23 203.44 2 848.88 202.27 2 874.67 192.57 2 838.08 184.06 2 882.94 214.69 2 807.17 206.52 2 895.38 248.82 2 788.06 257.97 2 894.01 275.32 2 823.16 288.86 2 857.68 302.0 2 801.9 296.64 2 844.79 348.46 2 793.78 342.2 2 830.79 387.13 2 774.63 378.03 2
1 0.42738671874999995 0.6232638888888888 0.0591640625 0.1225 557.07 411.63 2 558.64 406.53 2 553.93 408.95 2 0 0 0 542.95 404.65 2 560.7 415.26 2 516.76 427.49 2 573.22 448.97 2 509.19 458.9 2 584.92 466.42 2 517.97 492.18 2 558.39 486.26 2 532.5 492.85 2 0 0 0 0 0 0 0 0 0 0 0 0
1 0.5945413306451612 0.6887186379928315 0.047389112903225804 0.14012544802867383 566.41 348.25 2 567.15 345.85 2 0 0 0 577.77 345.21 2 0 0 0 594.63 355.29 2 578.45 347.16 2 596.25 381.7 2 568.27 359.92 2 576.96 376.28 2 566.28 370.97 2 607.0 379.51 2 597.71 374.15 2 593.5 407.01 2 578.89 389.59 2 613.29 423.4 2 576.14 410.7 2
1 0.3842641129032258 0.681989247311828 0.049899193548387094 0.13974910394265233 361.78 349.05 2 362.67 346.06 2 359.93 346.82 2 370.06 341.56 2 0 0 0 387.4 344.96 2 361.04 344.57 2 403.59 360.41 2 358.95 360.09 2 376.02 361.85 2 356.44 378.77 2 404.85 368.72 2 385.73 368.22 2 392.32 391.68 2 375.9 382.27 2 395.41 419.54 2 405.94 393.77 2
1 0.2690020161290323 0.6227867383512544 0.08338709677419355 0.13378136200716848 234.33 316.3 2 233.47 314.24 2 0 0 0 237.4 310.19 2 0 0 0 254.07 322.19 2 242.07 313.24 2 256.96 345.56 2 231.94 324.38 2 233.09 345.03 2 225.49 338.51 2 274.16 345.49 2 272.62 343.02 2 264.57 360.7 2 278.1 364.14 2 254.91 384.84 2 308.21 380.1 2
1 0.4166953125 0.20260416666666667 0.0288125 0.11270833333333334 0 0 0 0 0 0 0 0 0 0 0 0 0 0 0 542.9 105.3 2 551.81 109.42 2 0 0 0 546.82 131.23 2 0 0 0 551.51 149.01 2 526.8 140.24 2 537.86 144.3 2 535.58 165.46 2 544.37 164.17 2 514.93 167.77 2 530.19 186.45 2
1 0.41245624999999997 0.5121772151898735 0.06738749999999999 0.3469873417721519 0 0 0 0 0 0 0 0 0 303.01 133.78 2 0 0 0 324.84 160.49 2 318.59 147.07 2 324.96 181.69 2 0 0 0 310.07 191.97 2 0 0 0 327.1 207.6 2 327.56 205.81 2 317.67 235.39 2 332.44 231.13 2 320.38 270.84 2 356.92 255.72 2
1 0.59551875 0.46192405063291136 0.0565375 0.3479493670886076 467.78 116.71 2 469.65 113.74 2 0 0 0 478.89 116.51 2 0 0 0 493.45 142.13 2 468.56 137.64 2 492.07 166.9 2 464.11 159.91 2 470.61 170.35 2 457.42 174.52 2 483.35 187.16 2 469.41 181.95 2 484.37 214.31 2 461.94 212.9 2 499.03 244.22 2 453.8 251.18 2
1 0.5541341607565011 0.534559118236473 0.12550236406619386 0.4038476953907816 947.56 370.36 2 957.26 360.98 2 939.61 359.8 2 971.55 351.36 2 922.34 345.86 2 998.61 394.59 2 886.68 380.19 2 1018.09 442.46 2 831.42 363.37 2 1043.77 466.35 2 834.31 331.97 2 975.24 512.59 2 901.75 508.47 2 965.19 648.28 2 899.33 573.56 2 959.52 735.01 2 881.14 568.06 2
1 0.5608476027397261 0.33222983257229827 0.17332191780821918 0.48957382039573816 671.01 85.68 2 678.99 77.87 2 662.73 73.35 2 0 0 0 640.96 57.45 2 677.48 81.85 2 576.65 102.14 2 700.91 137.74 2 553.85 161.71 2 756.29 178.88 2 612.56 209.97 2 656.73 225.11 2 595.53 251.62 2 649.86 283.57 2 612.71 315.83 2 643.46 342.28 2 624.96 379.1 2
1 0.62567578125 0.4065208333333334 0.0886328125 0.3669861111111111 798.21 168.7 2 797.95 160.58 2 790.57 164.12 2 0 0 0 774.34 174.03 2 829.27 207.61 2 759.54 209.94 2 857.59 246.85 2 744.14 256.31 2 843.84 266.67 2 757.27 267.27 2 811.58 291.32 2 767.26 291.96 2 806.4 345.17 2 767.33 351.38 2 803.78 391.35 2 770.98 424.81 2
1 0.035953125 0.7952083333333334 0.054953125000000005 0.18666666666666668 74.71 509.35 2 0 0 0 72.12 505.35 2 0 0 0 60.1 506.85 2 67.85 515.94 2 40.07 526.77 2 10.85 0 0 0 560.41 2 70.69 569.52 2 42.03 592.37 2 67.79 580.06 2 46.34 588.34 2 81.19 622.5 2 46.06 631.07 2 70.11 639.75 2 0 0 0
1 0.56119921875 0.46688888888888885 0.11266406250000001 0.44772222222222224 0 0 0 0 0 0 0 0 0 0 0 0 731.39 174.98 2 663.59 208.49 2 736.71 212.76 2 646.75 251.61 2 770.68 264.66 2 646.23 305.61 2 790.44 199.2 2 681.98 299.29 2 729.62 314.46 2 698.87 378.6 2 735.17 415.6 2 695.11 436.21 2 727.28 497.34 2
1 0.39964453125 0.3718263888888889 0.0836640625 0.21745833333333334 0 0 0 0 0 0 0 0 0 0 0 0 0 0 0 528.7 189.43 2 458.0 202.07 2 549.68 216.21 2 465.13 233.76 2 503.83 225.67 2 481.38 255.6 2 543.49 253.49 2 497.26 259.45 2 560.31 284.83 2 509.32 306.67 2 565.09 314.3 2 523.64 346.0 2
1 0.2232734375 0.4159027777777778 0.062859375 0.35477777777777775 275.36 182.96 2 276.96 173.48 2 267.55 176.77 2 281.39 171.73 2 256.62 179.65 2 306.23 194.46 2 248.55 213.12 2 321.91 247.08 2 245.56 267.03 2 315.44 280.2 2 249.85 312.42 2 312.1 299.56 2 272.25 307.28 2 317.19 360.92 2 273.73 374.81 2 326.02 420.76 2 278.01 427.17 2
1 0.5633125 0.29280555555555554 0.04690625 0.18591666666666667 0 0 0 0 0 0 0 0 0 0 0 0 0 0 0 714.55 143.89 2 751.06 155.05 2 697.7 160.31 2 0 0 0 691.02 171.48 2 0 0 0 714.9 197.75 2 740.78 201.06 2 716.4 234.34 2 734.72 242.73 2 715.43 269.28 2 727.89 277.75 2
1 0.31468397291196387 0.6605016181229774 0.07094808126410836 0.15453074433656958 0 0 0 0 0 0 0 0 0 0 0 0 0 0 0 125.89 180.22 2 133.87 190.51 2 0 0 0 140.99 207.22 2 0 0 0 155.12 215.04 2 123.69 219.94 2 127.45 227.97 2 0 0 0 0 0 0 0 0 0 0 0 0
1 0.26799218750000003 0.6183680555555556 0.080625 0.27195833333333336 307.89 353.37 2 313.91 347.32 2 304.88 347.57 2 326.25 347.99 2 0 0 0 342.57 361.32 2 291.43 382.59 2 359.57 399.21 2 295.67 426.39 2 371.94 436.24 2 317.68 461.89 2 360.08 440.88 2 326.51 452.96 2 373.41 487.34 2 341.36 493.28 2 394.63 543.13 2 352.92 524.31 2
1 0.16683203125 0.276125 0.0346953125 0.0735 0 0 0 0 0 0 0 0 0 0 0 0 0 0 0 225.01 172.35 2 194.3 174.28 2 234.95 188.78 2 192.98 188.87 2 235.75 202.55 2 191.34 202.51 2 220.04 200.06 2 204.29 198.95 2 220.04 216.84 2 207.04 216.99 2 230.3 225.27 2 0 0 0
1 0.606453125 0.1855 0.047453125 0.16891666666666666 0 0 0 0 0 0 0 0 0 0 0 0 0 0 0 763.09 72.75 2 797.63 80.77 2 756.33 86.82 2 806.63 106.17 2 745.89 108.07 2 799.71 109.0 2 766.88 120.91 2 788.3 122.16 2 762.22 145.76 2 782.88 158.12 2 765.3 175.0 2 778.48 194.37 2
1 0.65476171875 0.42598611111111107 0.0336171875 0.2466388888888889 0 0 0 0 0 0 0 0 0 0 0 0 0 0 0 821.07 217.92 2 859.61 219.9 2 0 0 0 0 0 0 0 0 0 0 0 0 827.74 288.01 2 855.56 282.22 2 817.4 333.44 2 849.85 303.59 2 816.58 395.5 2 844.19 336.24 2
1 0.35065625 0.36359722222222224 0.02690625 0.11322222222222221 0 0 0 0 0 0 0 0 0 0 0 0 0 0 0 452.22 221.03 2 433.42 225.64 2 0 0 0 431.62 243.39 2 0 0 0 442.45 235.71 2 454.06 254.18 2 440.48 258.7 2 458.19 278.0 2 441.55 278.0 2 466.06 302.55 2 439.33 296.74 2
1 0.5102968750000001 0.5482986111111111 0.084875 0.31293055555555555 0 0 0 0 0 0 0 0 0 0 0 0 0 0 0 625.24 282.12 2 702.05 309.32 2 605.96 324.95 2 707.5 353.5 2 598.86 370.25 2 706.86 385.75 2 621.3 385.2 2 668.91 403.92 2 632.88 425.1 2 655.18 454.09 2 627.84 467.97 2 607.65 507.43 2
1 0.395796875 0.46722916666666664 0.081140625 0.3449305555555556 0 0 0 0 0 0 0 0 0 0 0 0 558.29 212.23 2 504.26 219.91 2 554.98 259.13 2 0 0 0 553.65 324.69 2 0 0 0 552.41 379.18 2 494.99 330.42 2 533.93 355.78 2 484.8 396.66 2 550.45 397.32 2 454.69 460.58 2 558.55 434.45 2
1 0.7172265624999999 0.5762777777777777 0.165484375 0.44175 0 0 0 0 0 0 0 0 0 0 0 0 0 0 0 915.7 343.2 2 998.62 295.68 2 849.93 342.47 2 925.13 286.99 2 812.14 301.88 2 851.82 255.89 2 963.8 448.25 2 1023.96 428.15 2 877.55 486.69 2 983.03 496.95 2 840.27 541.62 2 992.48 573.95 2
1 0.18076953125 0.5993333333333333 0.0777734375 0.43686111111111114 261.34 282.12 2 259.17 274.25 2 256.09 276.37 2 0 0 0 235.22 286.89 2 200.55 318.02 2 261.08 329.89 2 181.61 371.15 2 264.97 393.28 2 182.65 414.49 2 281.16 440.74 2 208.15 435.43 2 256.09 446.34 2 212.8 509.75 2 247.77 522.29 2 214.02 577.13 2 243.38 588.79 2
1 0.6588674321503131 0.33629166666666666 0.05671189979123173 0.15813888888888888 0 0 0 0 0 0 0 0 0 0 0 0 0 0 0 615.08 185.74 2 650.6 185.2 2 606.39 205.7 2 658.36 207.33 2 604.03 216.78 2 656.71 223.96 2 617.88 236.36 2 641.38 238.13 2 614.54 266.43 2 630.07 274.08 2 613.17 299.06 2 646.46 283.22 2
1 0.17346875 0.4074166666666667 0.09853125 0.5112777777777778 0 0 0 0 0 0 0 0 0 0 0 0 285.1 109.28 2 186.59 133.13 2 270.27 184.45 2 158.98 183.93 2 277.55 252.23 2 0 0 0 0 0 0 164.19 281.52 2 214.57 309.5 2 182.9 379.19 2 247.1 392.12 2 159.63 463.66 2 272.24 477.4 2
1 0.4132187500000001 0.3096111111111111 0.12989062499999998 0.3185555555555556 560.99 123.49 2 567.36 115.2 2 556.14 116.15 2 580.17 112.12 2 547.04 108.24 2 599.41 133.52 2 519.4 133.76 2 605.65 160.86 2 477.83 161.81 2 602.27 204.43 2 445.79 195.34 2 582.07 216.79 2 530.72 221.7 2 611.34 284.37 2 543.53 290.82 2 612.05 337.6 2 562.43 334.63 2
1 0.51275 0.5320277777777778 0.24906250000000002 0.6467777777777778 287.63 87.53 2 0 0 0 0 0 0 0 0 0 0 0 0 331.69 75.11 2 253.18 107.6 2 347.99 109.46 2 248.46 151.68 2 351.39 142.93 2 276.13 195.51 2 340.1 160.11 2 299.0 182.78 2 407.71 209.72 2 323.93 244.74 2 407.86 249.91 2 316.32 307.95 2
1 0.10734864300626305 0.4784305555555555 0.08799582463465552 0.2137222222222222 114.95 270.06 2 0 0 0 112.9 267.53 2 0 0 0 101.9 269.93 2 94.36 284.74 2 106.74 295.52 2 81.5 307.86 2 98.51 324.59 2 0 0 0 111.06 339.07 2 102.59 349.16 2 102.49 351.21 2 128.94 386.09 2 86.2 388.63 2 144.99 416.9 2 60.69 421.41 2
1 0.4829119318181818 0.49044444444444446 0.0693844696969697 0.22294444444444445 0 0 0 0 0 0 0 0 0 0 0 0 0 0 0 546.59 286.47 2 495.8 272.86 2 543.64 319.96 2 482.04 305.01 2 510.53 335.48 2 486.24 329.17 2 521.77 356.5 2 489.53 348.0 2 519.88 394.34 2 476.76 391.34 2 503.71 408.38 2 473.32 433.38 2
1 0.512953125 0.3075902777777778 0.10989062499999999 0.4284305555555556 678.38 78.39 2 687.94 69.35 2 669.95 69.46 2 704.06 67.23 2 659.88 68.36 2 726.44 110.93 2 620.87 105.33 2 726.91 173.96 2 586.25 164.51 2 720.7 231.56 2 631.09 208.87 2 692.05 234.4 2 625.84 227.04 2 669.65 299.11 2 619.46 297.77 2 650.57 375.7 2 617.48 344.73 2
1 0.7150390625 0.22415277777777776 0.056359375 0.1743888888888889 903.03 100.66 2 905.35 98.61 2 0 0 0 914.32 102.32 2 0 0 0 929.56 114.51 2 895.58 108.85 2 938.72 130.52 2 891.69 135.15 2 951.32 137.46 2 910.53 148.48 2 919.18 157.42 2 892.89 156.51 2 926.04 185.82 2 887.9 188.25 2 923.18 210.75 2 879.18 224.17 2
1 0.17641796875 0.6086041666666667 0.1162890625 0.36673611111111115 0 0 0 0 0 0 0 0 0 163.79 311.36 2 198.83 306.17 2 151.39 348.51 2 220.71 354.51 2 0 0 0 263.06 399.86 2 0 0 0 292.66 393.37 2 192.89 455.01 2 243.95 454.49 2 230.04 515.17 2 272.25 508.58 2 249.58 565.99 2 300.24 570.22 2
1 0.85807421875 0.3075902777777778 0.0661171875 0.167875 0 0 0 0 0 0 0 0 0 0 0 0 0 0 0 1136.28 172.45 2 1107.39 161.03 2 1138.82 193.66 2 1083.16 186.78 2 1140.65 205.79 2 1083.96 207.07 2 1104.38 214.99 2 1081.64 209.44 2 1109.6 254.54 2 1076.8 247.34 2 1096.05 281.9 2 1056.02 274.81 2
1 0.5422265625 0.4402013888888889 0.10653125000000001 0.489625 709.11 167.78 2 719.28 157.17 2 699.53 153.5 2 0 0 0 688.5 140.68 2 762.23 190.0 2 647.34 177.65 2 758.22 279.47 2 625.87 245.24 2 723.55 353.3 2 652.98 310.94 2 733.5 339.38 2 662.81 335.19 2 729.62 431.8 2 654.59 431.8 2 722.64 493.21 2 672.37 491.77 2
1 0.55571875 0.40505555555555556 0.211078125 0.5908333333333333 0 0 0 0 0 0 0 0 0 0 0 0 0 0 0 682.37 78.94 2 608.9 193.68 2 761.53 82.18 2 576.23 312.19 2 846.41 84.46 2 591.6 453.17 2 723.17 265.56 2 654.68 341.31 2 746.18 339.71 2 658.11 434.63 2 714.35 413.66 2 640.13 504.34 2
1 0.23157812500000002 0.3918055555555555 0.048046875 0.14425 296.36 232.35 2 0 0 0 295.65 230.17 2 0 0 0 290.45 233.06 2 272.8 244.47 2 288.19 250.78 2 298.09 269.97 2 309.83 268.95 2 320.73 281.69 2 327.17 279.1 2 265.67 286.39 2 272.32 289.7 2 0 0 0 314.93 299.01 2 0 0 0 296.65 334.03 2
1 0.708171875 0.3634513888888889 0.0703125 0.24148611111111112 0 0 0 0 0 0 0 0 0 0 0 0 0 0 0 951.46 174.75 2 943.78 192.64 2 938.04 222.99 2 906.57 221.1 2 935.22 256.21 2 909.29 257.71 2 888.73 241.8 2 887.95 244.75 2 920.3 298.09 2 908.84 292.46 2 871.25 317.14 2 861.46 348.62 2
1 0.52777734375 0.7773611111111111 0.12149218749999999 0.297 0 0 0 0 0 0 0 0 0 0 0 0 0 0 0 753.31 452.78 2 646.03 456.4 2 746.01 513.65 2 604.64 499.06 2 742.07 567.41 2 597.8 555.39 2 695.08 529.05 2 637.91 526.58 2 694.26 621.23 2 628.79 611.54 2 663.09 658.47 2 628.52 666.62 2
1 0.4644305555555555 0.5702187500000001 0.11063888888888888 0.2526041666666667 0 0 0 0 0 0 0 0 0 0 0 0 0 0 0 369.65 222.46 2 319.15 213.08 2 374.22 261.01 2 301.41 226.72 2 356.69 287.03 2 294.56 257.87 2 351.54 276.51 2 316.52 270.83 2 352.93 294.17 2 311.22 292.86 2 359.22 303.63 2 308.59 334.33 2
1 0.54561328125 0.2829097222222222 0.1067890625 0.2867638888888889 673.05 136.39 2 676.53 131.27 2 665.92 132.7 2 683.22 128.3 2 655.54 134.93 2 706.89 128.11 2 635.97 158.66 2 735.06 114.37 2 630.04 195.57 2 766.73 100.46 2 667.83 207.94 2 696.84 200.01 2 653.21 203.21 2 708.31 252.56 2 654.8 249.52 2 721.0 306.93 2 662.06 288.81 2
1 0.33998828125 0.7025347222222222 0.1135546875 0.42518055555555556 0 0 0 0 0 0 0 0 0 0 0 0 0 0 0 364.65 402.72 2 447.28 352.76 2 362.51 471.06 2 471.95 413.18 2 368.38 524.05 2 0 0 0 402.45 508.58 2 454.29 488.71 2 386.0 554.95 2 468.61 571.0 2 383.35 598.14 2 507.86 658.89 2
1 0.26408203124999996 0.6019305555555555 0.13096093749999999 0.3100833333333333 337.33 329.47 2 342.91 323.37 2 334.15 321.76 2 351.12 326.3 2 323.73 322.26 2 364.87 342.12 2 291.86 359.01 2 394.84 356.54 2 254.21 389.35 2 421.84 369.54 2 274.13 439.52 2 355.58 451.29 2 306.11 457.48 2 372.05 536.85 2 314.25 519.17 2 0 0 0 315.39 545.02 2
1 0.1429140625 0.4661944444444444 0.060250000000000005 0.12891666666666665 154.69 291.81 2 155.01 289.25 2 150.84 291.63 2 0 0 0 144.37 295.56 2 146.58 309.19 2 155.11 313.93 2 164.86 313.88 2 176.21 332.84 2 183.95 305.75 2 194.28 325.18 2 159.05 353.42 2 163.42 357.81 2 0 0 0 186.67 354.02 2 0 0 0 221.49 382.07 2
1 0.5581581439393939 0.7012291666666667 0.09661931818181818 0.38384722222222223 0 0 0 0 0 0 0 0 0 0 0 0 0 0 0 538.4 366.7 2 622.71 368.45 2 0 0 0 640.43 438.5 2 0 0 0 627.03 485.26 2 542.61 498.1 2 608.7 498.19 2 548.61 573.62 2 604.68 565.42 2 555.51 643.07 2 596.6 631.09 2
1 0.4891789667896679 0.8749694189602447 0.05418819188191882 0.18229357798165138 0 0 0 0 0 0 0 0 0 0 0 0 0 0 0 271.41 265.33 2 259.91 256.31 2 279.82 274.33 2 0 0 0 269.67 283.87 2 0 0 0 264.44 284.91 2 259.61 280.33 2 256.88 297.31 2 0 0 0 250.45 315.92 2 267.71 296.61 2
1 0.3140036900369004 0.796085626911315 0.06121771217712177 0.20262996941896025 0 0 0 0 0 0 0 0 0 0 0 0 0 0 0 176.44 227.19 2 175.48 235.92 2 0 0 0 174.93 251.09 2 163.47 250.8 2 171.89 265.5 2 173.79 256.57 2 173.27 259.98 2 163.88 267.54 2 174.02 272.35 2 153.6 287.49 2 186.78 293.45 2
1 0.50796484375 0.30420138888888887 0.022132812499999998 0.056902777777777774 0 0 0 0 0 0 0 0 0 0 0 0 0 0 0 639.56 200.34 2 636.44 198.54 2 641.62 207.78 2 0 0 0 637.23 215.73 2 0 0 0 644.2 217.98 2 644.15 217.03 2 653.24 231.6 2 636.14 228.11 2 664.36 235.32 2 636.03 239.51 2
1 0.421155303030303 0.6640208333333334 0.12329545454545454 0.539875 414.12 296.05 2 422.18 283.8 2 401.55 283.74 2 0 0 0 391.51 290.42 2 490.05 348.82 2 379.64 317.92 2 499.6 435.7 2 0 0 0 467.13 517.93 2 0 0 0 488.92 487.96 2 408.27 473.05 2 482.95 554.04 2 398.5 562.45 2 509.84 629.25 2 413.2 672.45 2
1 0.46001953125000006 0.2633819444444444 0.06300781250000001 0.17243055555555556 548.95 130.49 2 551.5 127.78 2 548.5 128.02 2 559.54 127.56 2 0 0 0 560.9 142.37 2 573.17 129.03 2 566.65 165.27 2 598.83 146.81 2 550.36 178.05 2 594.63 161.23 2 582.08 189.66 2 585.64 184.04 2 596.91 219.91 2 576.98 213.51 2 629.15 226.98 2 584.86 251.71 2
1 0.7442773437500001 0.4912013888888888 0.0974140625 0.19481944444444446 0 0 0 0 0 0 0 0 0 0 0 0 0 0 0 962.63 296.69 2 957.57 283.53 2 970.41 328.53 2 927.41 305.46 2 942.93 336.6 2 890.33 308.1 2 980.16 350.65 2 979.59 349.02 2 963.62 393.77 2 934.73 372.66 2 1015.02 415.39 2 927.75 423.8 2
1 0.26425 0.5803888888888888 0.161640625 0.7266388888888888 344.49 171.04 2 347.83 156.29 2 329.73 161.6 2 0 0 0 291.56 166.82 2 367.5 187.2 2 237.73 230.31 2 396.1 249.96 2 234.79 321.18 2 441.69 308.08 2 249.55 440.09 2 382.76 367.76 2 295.99 392.85 2 384.6 530.19 2 315.67 504.97 2 384.6 679.47 2 314.44 547.14 2
1 0.54298046875 0.29938194444444444 0.1319765625 0.5213472222222222 698.01 37.65 2 701.15 27.87 2 686.13 32.38 2 0 0 0 670.11 38.73 2 722.14 78.42 2 650.55 92.25 2 744.82 150.1 2 633.99 148.0 2 779.48 199.77 2 652.97 152.4 2 698.46 194.1 2 660.42 199.62 2 672.07 266.24 2 705.35 302.64 2 610.55 321.82 2 725.15 403.24 2
1 0.9451445312500001 0.36188194444444444 0.027960937499999998 0.08979166666666667 0 0 0 0 0 0 0 0 0 0 0 0 0 0 0 1225.35 228.23 2 1227.68 236.49 2 0 0 0 1210.83 251.24 2 0 0 0 1225.36 253.9 2 1211.93 254.94 2 1215.02 262.3 2 1208.03 270.18 2 1217.42 275.84 2 1191.89 274.41 2 1204.32 292.88 2
1 0.8756054687500001 0.34223611111111113 0.029367187500000003 0.1218888888888889 0 0 0 0 0 0 0 0 0 0 0 0 0 0 0 1121.42 202.53 2 1129.13 207.28 2 0 0 0 1134.6 225.79 2 0 0 0 1139.57 243.42 2 1118.6 237.98 2 1120.38 241.84 2 1117.18 261.77 2 1123.17 264.6 2 1108.62 290.29 2 1101.98 279.95 2
1 0.6077656250000001 0.31119444444444444 0.134078125 0.3779166666666667 0 0 0 0 0 0 0 0 0 0 0 0 0 0 0 863.75 108.96 2 743.57 88.01 2 856.26 162.49 2 708.01 151.19 2 859.95 211.02 2 692.13 207.85 2 797.75 211.28 2 741.33 180.57 2 756.51 285.52 2 710.46 221.95 2 715.32 360.11 2 697.61 284.52 2
1 0.5544257812500001 0.5388055555555556 0.0782578125 0.42947222222222226 720.22 241.89 2 729.72 238.29 2 725.0 233.33 2 753.82 250.76 2 0 0 0 723.7 285.15 2 759.75 276.23 2 676.73 325.41 2 0 0 0 679.85 292.22 2 0 0 0 695.99 394.34 2 730.46 385.07 2 676.15 446.42 2 676.93 441.93 2 725.86 542.55 2 659.58 507.21 2
1 0.740234375 0.37862500000000004 0.11276562500000001 0.5078055555555555 913.41 100.54 2 920.88 93.45 2 909.56 92.47 2 946.69 89.8 2 0 0 0 986.28 130.59 2 891.02 123.18 2 994.9 191.6 2 886.3 192.35 2 1019.67 246.29 2 875.33 183.2 2 962.82 232.74 2 899.51 225.51 2 932.12 330.22 2 887.83 330.08 2 918.53 455.42 2 0 0 0
1 0.5064218749999999 0.47468055555555555 0.1580625 0.7008055555555556 607.66 100.88 2 616.17 89.73 2 598.5 89.48 2 627.46 92.63 2 578.84 96.37 2 667.81 134.83 2 547.06 146.6 2 711.72 206.47 2 552.61 217.17 2 749.38 279.23 2 560.24 253.33 2 659.03 310.76 2 588.27 303.57 2 621.76 455.54 2 587.3 444.66 2 610.65 594.06 2 634.98 491.95 2
1 0.56978125 0.38819444444444445 0.058562499999999997 0.20233333333333334 0 0 0 0 0 0 0 0 0 0 0 0 0 0 0 691.84 206.66 2 744.65 209.72 2 0 0 0 747.3 247.55 2 0 0 0 766.8 278.83 2 699.62 275.82 2 736.15 280.38 2 697.62 311.98 2 740.66 311.43 2 694.61 348.92 2 739.57 352.34 2
1 0.6239201877934273 0.6389166666666667 0.20044600938967136 0.5039166666666667 494.15 287.91 2 499.93 280.71 2 0 0 0 525.7 278.61 2 0 0 0 577.84 320.02 2 486.92 301.93 2 608.6 399.98 2 446.19 361.24 2 616.97 466.78 2 448.31 391.34 2 562.97 450.54 2 494.13 443.64 2 549.36 517.09 2 488.61 540.56 2 550.97 582.3 2 480.82 641.43 2
1 0.863356807511737 0.0385625 0.026760563380281693 0.05620833333333333 0 0 0 0 0 0 0 0 0 0 0 0 0 0 0 742.16 7.53 2 734.11 7.93 2 746.98 11.1 2 729.24 15.9 2 743.23 7.67 2 724.18 21.79 2 741.58 25.97 2 735.7 25.48 2 740.42 37.61 2 734.29 36.7 2 740.54 48.0 2 734.84 46.04 2
1 0.40103515624999997 0.624375 0.1096484375 0.5194444444444445 0 0 0 0 0 0 0 0 0 0 0 0 562.37 262.55 2 480.63 299.12 2 583.5 325.53 2 455.76 365.84 2 577.33 382.78 2 0 0 0 579.45 418.17 2 482.96 435.43 2 549.82 450.0 2 469.02 537.71 2 539.75 529.51 2 443.15 636.55 2 529.63 611.74 2
1 0.4581640625 0.6150208333333335 0.10521875 0.666625 0 0 0 0 0 0 0 0 0 0 0 0 0 0 0 620.77 318.31 2 545.01 288.73 2 523.72 272.84 2 0 0 0 519.11 202.83 2 0 0 0 624.28 554.73 2 536.37 523.17 2 653.79 666.35 2 540.43 682.8 2 0 0 0 0 0 0
1 0.609875 0.4881319444444444 0.145109375 0.6036527777777778 766.51 146.26 2 780.65 134.14 2 750.65 136.58 2 794.43 140.32 2 738.12 141.84 2 844.63 190.19 2 697.29 189.57 2 873.51 301.58 2 687.77 282.63 2 834.79 389.62 2 706.77 368.99 2 827.14 380.22 2 729.61 370.9 2 823.97 478.23 2 731.42 475.29 2 864.68 516.17 2 749.72 568.77 2
1 0.34822916666666665 0.7686348501664818 0.11589166666666666 0.3023529411764706 0 0 0 0 0 0 0 0 0 0 0 0 0 0 0 362.1 585.96 2 430.9 556.33 2 348.34 638.58 2 474.09 601.93 2 361.13 665.49 2 487.41 640.41 2 410.54 706.61 2 460.18 688.88 2 424.87 760.95 2 0 0 0 442.99 828.75 2 459.29 788.58 2
1 0.08494166666666668 0.6771698113207547 0.09621666666666666 0.26612652608213094 0 0 0 0 0 0 0 0 0 0 0 0 0 0 0 48.35 505.97 2 122.98 490.24 2 44.29 563.16 2 149.66 538.56 2 44.2 597.92 2 0 0 0 87.51 598.95 2 133.29 590.72 2 110.13 660.37 2 145.5 653.92 2 134.96 730.02 2 159.66 709.05 2
1 0.49862109375 0.4679027777777778 0.052289062500000004 0.3130555555555556 0 0 0 0 0 0 0 0 0 0 0 0 0 0 0 607.84 224.19 2 666.16 225.92 2 0 0 0 671.7 274.66 2 0 0 0 0 0 0 609.2 328.46 2 657.26 330.46 2 616.88 382.08 2 659.36 385.4 2 604.77 438.53 2 644.59 449.59 2
1 0.2775390625 0.6696736111111111 0.07009375 0.27726388888888887 0 0 0 0 0 0 0 0 0 0 0 0 0 0 0 315.65 417.51 2 363.89 382.35 2 327.84 468.15 2 381.27 400.49 2 310.39 480.38 2 0 0 0 359.28 486.07 2 390.96 467.59 2 341.16 525.57 2 382.63 501.45 2 371.9 581.98 2 400.11 551.42 2
1 0.5368384074941452 0.37053125000000003 0.07807962529274005 0.3889375 467.04 89.34 2 470.67 84.83 2 463.84 84.51 2 476.41 86.09 2 458.53 85.05 2 489.78 105.72 2 447.37 107.02 2 491.8 148.58 2 425.12 131.52 2 468.83 176.38 2 436.27 155.54 2 482.92 181.36 2 453.15 182.11 2 485.86 225.22 2 451.86 231.55 2 478.36 244.17 2 456.18 271.2 2
1 0.6959609375 0.5398819444444444 0.110546875 0.3302361111111111 0 0 0 0 0 0 0 0 0 0 0 0 0 0 0 877.84 332.24 2 961.58 269.83 2 850.26 443.25 2 0 0 0 820.08 371.1 2 0 0 0 855.31 507.6 2 916.52 468.95 2 0 0 0 0 0 0 0 0 0 0 0 0
1 0.2871328125 0.6453888888888888 0.0835625 0.30719444444444444 394.51 370.36 2 398.23 354.09 2 379.68 366.73 2 0 0 0 345.05 359.65 2 377.57 372.61 2 314.05 437.4 2 421.01 446.45 2 323.61 549.28 2 0 0 0 0 0 0 392.08 527.84 2 351.28 575.27 2 0 0 0 0 0 0 0 0 0 0 0 0
1 0.618328125 0.365125 0.105171875 0.3821666666666667 825.24 137.24 2 836.25 128.08 2 817.77 125.31 2 857.0 127.34 2 0 0 0 858.77 168.96 2 761.08 160.09 2 0 0 0 738.6 221.8 2 0 0 0 724.15 286.74 2 843.35 321.85 2 761.41 306.47 2 0 0 0 742.48 400.47 2 0 0 0 0 0 0
1 0.9419687499999998 0.6809027777777777 0.05603125 0.17819444444444446 0 0 0 0 0 0 0 0 0 0 0 0 0 0 0 1236.54 426.48 2 1196.46 426.1 2 1241.58 451.82 2 1187.24 454.67 2 1232.36 461.62 2 1214.89 466.09 2 1215.51 476.91 2 1189.78 475.51 2 1189.97 502.64 2 1192.14 515.2 2 1169.86 525.55 2 1192.45 554.4 2
1 0.8735546874999999 0.5432083333333334 0.0625625 0.16558333333333333 0 0 0 0 0 0 0 0 0 0 0 0 0 0 0 1135.64 331.5 2 1091.99 334.96 2 1148.05 348.87 2 1079.45 359.52 2 1158.19 359.43 2 1078.11 390.11 2 1124.57 381.52 2 1100.03 382.79 2 1106.2 409.75 2 1102.55 412.48 2 1086.95 430.61 2 1101.37 450.72 2
1 0.6789458333333334 0.5323925925925926 0.07524166666666667 0.25174814814814817 0 0 0 0 0 0 0 0 0 778.01 279.63 2 0 0 0 781.91 293.24 2 817.37 274.4 2 786.57 325.0 2 853.82 296.32 2 805.7 336.08 2 859.88 322.36 2 822.07 337.93 2 856.62 332.14 2 796.51 386.29 2 837.29 384.57 2 769.59 444.33 2 857.62 441.43 2
1 0.6256484375 0.3841041666666667 0.02378125 0.08076388888888889 0 0 0 0 0 0 0 0 0 0 0 0 0 0 0 808.51 247.48 2 795.97 248.03 2 813.08 258.03 2 790.14 259.22 2 816.05 265.54 2 785.61 271.23 2 805.58 270.59 2 795.65 271.6 2 0 0 0 798.52 288.63 2 794.12 301.46 2 800.77 305.63 2
1 0.27416796874999994 0.28219444444444447 0.0606015625 0.2833611111111111 326.27 104.88 2 328.17 101.17 2 324.46 101.44 2 342.29 101.93 2 0 0 0 359.64 124.67 2 320.02 127.38 2 367.69 160.13 2 315.1 165.43 2 351.73 183.82 2 312.15 201.39 2 365.92 195.36 2 332.51 195.73 2 372.4 244.91 2 335.43 245.5 2 389.72 286.32 2 330.36 305.19 2
1 0.4060859375 0.21365972222222224 0.080296875 0.1696527777777778 477.92 113.63 2 483.19 107.71 2 473.98 107.44 2 504.83 92.76 2 0 0 0 535.57 114.61 2 468.4 106.88 2 571.18 166.78 2 469.16 158.84 2 544.94 214.91 2 469.67 197.34 2 557.7 210.92 2 512.07 205.25 2 0 0 0 0 0 0 0 0 0 0 0 0
1 0.47851953125 0.5995 0.0950546875 0.1758888888888889 0 0 0 0 0 0 0 0 0 583.29 398.4 2 634.0 407.56 2 556.92 440.74 2 658.23 421.5 2 551.67 494.96 2 673.34 410.75 2 564.14 429.32 2 659.28 368.32 2 593.7 481.63 2 640.0 473.13 2 0 0 0 0 0 0 0 0 0 0 0 0
1 0.31343359375 0.26157638888888884 0.0660078125 0.12495833333333334 396.9 159.51 2 395.46 153.17 2 387.73 158.76 2 0 0 0 374.54 160.32 2 406.51 143.35 2 358.95 183.32 2 433.81 167.15 2 363.62 231.45 2 443.44 172.33 2 388.26 233.32 2 0 0 0 0 0 0 0 0 0 0 0 0 0 0 0 0 0 0
1 0.72540625 0.27581944444444445 0.03328125 0.3433055555555556 916.68 84.68 2 917.1 80.14 2 0 0 0 928.67 75.0 2 0 0 0 949.82 103.44 2 940.84 84.17 2 946.05 165.27 2 0 0 0 907.22 153.5 2 0 0 0 939.59 188.81 2 941.07 180.21 2 927.4 262.32 2 0 0 0 920.34 322.18 2 0 0 0
1 0.5632070312499999 0.17836805555555557 0.0394453125 0.16520833333333335 730.1 76.63 2 0 0 0 726.66 72.22 2 0 0 0 710.01 68.95 2 711.2 81.93 2 695.66 100.9 2 0 0 0 696.99 155.81 2 746.15 139.7 2 736.54 164.31 2 714.1 172.39 2 705.82 187.9 2 0 0 0 0 0 0 0 0 0 0 0 0
1 0.54059375 0.2539791666666667 0.02153125 0.08254166666666667 0 0 0 0 0 0 0 0 0 0 0 0 0 0 0 686.68 153.15 2 699.91 154.13 2 681.36 165.96 2 705.74 165.44 2 678.18 174.93 2 701.84 177.15 2 686.76 177.17 2 697.05 177.43 2 684.62 191.94 2 692.08 193.09 2 686.49 210.84 2 693.06 212.58 2
1 0.6868632812500001 0.6229444444444444 0.0960078125 0.5707222222222222 843.85 265.34 2 844.71 256.47 2 0 0 0 872.82 243.06 2 0 0 0 940.63 345.34 2 905.08 264.48 2 919.32 436.42 2 857.95 358.0 2 817.74 463.35 2 818.34 408.43 2 885.16 502.69 2 869.2 452.42 2 862.45 581.7 2 841.14 523.65 2 860.77 653.98 2 843.35 605.55 2
1 0.50033203125 0.15940972222222222 0.0993515625 0.15670833333333334 617.79 67.25 2 622.61 60.84 2 612.54 60.69 2 0 0 0 597.68 58.36 2 641.64 81.23 2 576.84 100.28 2 668.44 116.83 2 585.71 149.08 2 704.01 154.78 2 618.04 171.19 2 0 0 0 0 0 0 0 0 0 0 0 0 0 0 0 0 0 0
1 0.6151875 0.35525 0.086734375 0.3255 825.56 150.44 2 829.37 145.02 2 821.52 142.02 2 0 0 0 803.27 138.6 2 841.65 173.05 2 767.55 152.3 2 842.95 221.53 2 746.81 160.92 2 811.68 250.69 2 748.37 207.55 2 804.27 245.7 2 765.33 237.54 2 780.9 273.04 2 759.22 310.93 2 737.53 288.92 2 731.93 372.96 2
1 0.7881367187499999 0.3983611111111111 0.0498671875 0.10530555555555554 1022.51 251.92 2 1027.22 248.91 2 0 0 0 1038.64 259.26 2 0 0 0 1040.73 288.75 2 1040.18 262.5 2 1013.75 313.91 2 1013.23 258.52 2 976.9 324.73 2 983.03 257.93 2 0 0 0 0 0 0 0 0 0 0 0 0 0 0 0 0 0 0
1 0.7959140625 0.5087708333333333 0.1023125 0.26140277777777776 0 0 0 0 0 0 0 0 0 1058.36 272.21 2 0 0 0 1046.56 297.43 2 1084.25 303.9 2 1023.54 335.6 2 1071.78 338.33 2 1011.32 301.91 2 0 0 0 1012.02 375.78 2 1035.21 378.89 2 980.27 410.39 2 1005.2 422.67 2 953.29 446.85 2 987.78 460.42 2
1 0.705359375 0.25593055555555555 0.03378125 0.13674999999999998 0 0 0 0 0 0 0 0 0 0 0 0 0 0 0 883.5 139.01 2 909.83 135.04 2 881.24 157.08 2 924.48 148.69 2 0 0 0 916.48 156.49 2 888.41 175.27 2 908.1 175.04 2 883.07 204.02 2 900.59 204.19 2 884.08 232.32 2 901.6 233.5 2
1 0.3783671875 0.5922361111111111 0.134875 0.5860277777777778 0 0 0 0 0 0 0 0 0 452.78 215.44 2 0 0 0 421.56 289.9 2 546.22 266.68 2 409.78 398.4 2 570.63 358.8 2 397.99 345.68 2 0 0 0 451.61 435.0 2 535.28 424.85 2 446.3 521.51 2 509.93 535.07 2 464.58 599.87 2 521.15 637.38 2
1 0.31537109374999994 0.42561111111111116 0.0813046875 0.4301666666666667 0 0 0 0 0 0 0 0 0 0 0 0 0 0 0 370.76 173.43 2 450.79 151.58 2 357.47 243.62 2 0 0 0 351.64 305.42 2 0 0 0 398.69 291.85 2 455.71 281.78 2 419.47 373.86 2 0 0 0 444.94 461.3 2 409.6 391.27 2
1 0.44972265624999996 0.130875 0.0348203125 0.13741666666666666 577.99 47.81 2 579.88 44.76 2 575.68 44.85 2 0 0 0 571.18 45.91 2 590.17 57.81 2 558.51 58.54 2 597.93 73.83 2 553.36 75.89 2 589.74 70.66 2 555.25 91.88 2 584.94 96.78 2 564.28 97.7 2 582.63 118.05 2 564.18 119.02 2 580.98 143.7 2 566.1 136.07 2
1 0.48223697916666663 0.022152777777777778 0.010671874999999999 0.03715740740740741 0 0 0 0 0 0 0 0 0 0 0 0 0 0 0 922.07 4.26 2 922.49 3.86 2 0 0 0 927.37 16.85 2 0 0 0 936.14 20.65 2 916.0 24.12 2 915.65 23.6 2 0 0 0 934.44 28.92 2 0 0 0 918.26 43.99 2
1 0.8876692708333332 0.2085925925925926 0.03461979166666666 0.15124074074074073 0 0 0 0 0 0 0 0 0 1706.72 143.61 2 1722.51 146.9 2 1692.68 152.6 2 1733.89 167.99 2 1674.11 174.25 2 1736.82 197.79 2 0 0 0 1737.56 228.24 2 1688.82 209.97 2 1714.82 215.35 2 1679.97 257.47 2 1707.14 262.06 2 1671.09 306.59 2 1700.62 306.95 2
1 0.91391015625 0.39186805555555554 0.0415703125 0.15870833333333334 1175.36 228.43 2 1177.51 225.95 2 1174.38 225.01 2 1184.88 226.92 2 0 0 0 1193.72 244.04 2 1164.6 236.4 2 1196.41 268.84 2 1155.4 256.8 2 1189.95 286.25 2 1144.43 269.07 2 1177.49 288.32 2 1160.86 282.88 2 1162.7 311.79 2 1146.38 308.04 2 1158.98 334.84 2 1143.2 339.28 2
1 0.41810546875 0.4800555555555555 0.1389296875 0.422 0 0 0 0 0 0 0 0 0 0 0 0 0 0 0 459.04 193.72 2 568.3 201.87 2 446.26 286.64 2 576.28 297.14 2 0 0 0 0 0 0 500.88 303.2 2 553.7 300.98 2 534.33 410.2 2 594.58 390.45 2 546.59 496.78 2 624.09 497.56 2
1 0.24282421875 0.5995763888888889 0.19171093749999998 0.45848611111111115 0 0 0 0 0 0 0 0 0 0 0 0 230.96 266.64 2 188.12 345.18 2 282.19 292.91 2 213.76 415.67 2 357.62 348.54 2 240.33 457.67 2 352.81 397.84 2 274.38 449.68 2 341.69 416.29 2 323.31 497.06 2 377.67 516.71 2 354.73 539.56 2 433.51 596.75 2
1 0.0977265625 0.8309652777777777 0.045828125 0.2090138888888889 120.26 525.89 2 0 0 0 118.17 523.05 2 0 0 0 111.21 524.94 2 123.44 536.28 2 98.33 546.21 2 137.18 562.13 2 95.76 572.29 2 154.42 585.93 2 117.53 570.99 2 127.98 595.44 2 115.07 600.55 2 130.47 626.17 2 135.74 632.37 2 112.79 645.72 2 146.34 673.54 2
1 0.50251171875 0.44368750000000007 0.1033203125 0.294875 0 0 0 0 0 0 0 0 0 632.09 213.3 2 673.04 216.28 2 599.58 248.72 2 689.52 276.48 2 577.09 309.73 2 709.34 342.33 2 0 0 0 0 0 0 606.8 375.7 2 665.45 394.45 2 615.49 425.61 2 0 0 0 0 0 0 0 0 0
1 0.24101171875 0.5545347222222222 0.1506796875 0.27770833333333333 303.33 303.45 2 0 0 0 299.55 299.29 2 0 0 0 283.09 307.68 2 239.49 346.45 2 314.19 392.54 2 212.06 412.72 2 348.87 448.45 2 0 0 0 404.93 463.48 2 292.82 478.41 2 314.83 499.24 2 0 0 0 0 0 0 0 0 0 0 0 0
1 0.1689921875 0.5154444444444445 0.06225000000000001 0.33758333333333335 205.26 254.24 2 0 0 0 201.7 249.59 2 0 0 0 189.83 254.66 2 176.47 279.2 2 181.02 294.23 2 197.05 356.54 2 0 0 0 0 0 0 213.85 322.53 2 201.18 377.42 2 208.24 391.95 2 0 0 0 240.3 432.85 2 0 0 0 256.15 492.65 2
1 0.31297265625000004 0.30293749999999997 0.0709609375 0.16695833333333332 392.0 172.86 2 396.39 164.98 2 385.94 166.29 2 413.31 158.01 2 0 0 0 437.55 201.86 2 382.21 188.76 2 426.51 260.09 2 359.33 238.06 2 370.83 258.28 2 355.19 241.07 2 446.02 278.22 2 409.21 272.95 2 0 0 0 0 0 0 0 0 0 0 0 0
1 0.6768359375 0.6129351851851852 0.22266145833333334 0.3812962962962963 1375.43 460.88 2 0 0 0 1370.84 456.07 2 0 0 0 1345.4 459.92 2 1296.67 485.15 2 1371.91 516.09 2 0 0 0 1433.52 533.63 2 0 0 0 1513.28 516.2 2 1218.55 654.92 2 1285.28 675.23 2 1160.42 744.4 2 1347.82 755.94 2 1085.77 839.39 2 1368.94 867.87 2
1 0.4177985948477751 0.47495833333333337 0.14861826697892272 0.5617083333333334 416.66 98.85 2 0 0 0 411.6 93.17 2 0 0 0 387.96 93.2 2 319.31 112.77 2 411.05 142.0 2 294.16 163.28 2 417.78 198.24 2 293.34 198.91 2 420.26 245.05 2 322.49 231.33 2 387.35 251.08 2 329.91 294.6 2 378.02 312.51 2 333.0 332.7 2 364.47 362.79 2
1 0.14402810304449648 0.8163854166666666 0.13365339578454333 0.17114583333333336 0 0 0 0 0 0 0 0 0 0 0 0 115.79 350.79 2 65.93 432.94 2 180.07 382.86 2 0 0 0 0 0 0 0 0 0 0 0 0 0 0 0 0 0 0 0 0 0 0 0 0 0 0 0 0 0 0
1 0.32800936768149885 0.34902083333333334 0.16334894613583137 0.272875 294.4 115.01 2 292.35 102.04 2 283.9 112.19 2 0 0 0 256.97 121.92 2 317.16 113.14 2 221.33 137.37 2 349.87 170.93 2 210.37 192.29 2 346.52 215.47 2 217.62 233.02 2 0 0 0 0 0 0 0 0 0 0 0 0 0 0 0 0 0 0
1 0.6144555035128806 0.1905625 0.05720140515222483 0.20933333333333334 546.98 45.23 2 0 0 0 546.6 42.09 2 0 0 0 540.67 41.23 2 536.91 48.73 2 524.64 54.67 2 0 0 0 528.59 72.42 2 0 0 0 549.17 71.99 2 528.53 91.28 2 528.36 92.85 2 533.88 116.13 2 520.16 113.88 2 525.74 141.71 2 500.32 134.69 2
1 0.6244291666666666 0.5690555555555555 0.149175 0.3701746031746032 0 0 0 0 0 0 0 0 0 0 0 0 826.16 276.67 2 803.73 241.9 2 786.53 296.92 2 746.79 247.81 2 791.74 358.03 2 0 0 0 838.82 329.41 2 715.79 336.59 2 706.41 299.26 2 715.24 405.77 2 694.71 360.15 2 703.57 475.11 2 659.81 407.66 2
1 0.52923046875 0.6197430555555556 0.2318515625 0.6867361111111111 0 0 0 0 0 0 0 0 0 749.12 198.99 2 0 0 0 668.94 309.32 2 825.8 300.76 2 628.32 421.63 2 804.81 422.89 2 574.95 504.42 2 0 0 0 626.38 520.42 2 727.31 505.44 2 556.95 608.7 2 657.68 590.81 2 529.03 693.44 2 619.59 680.17 2
1 0.45795662100456624 0.10025 0.061301369863013704 0.14066666666666666 0 0 0 0 0 0 0 0 0 0 0 0 0 0 0 198.24 10.77 2 193.14 16.58 2 204.08 18.52 2 189.94 27.77 2 214.01 22.51 2 187.67 39.6 2 196.86 36.79 2 195.39 40.23 2 194.61 47.51 2 204.74 47.66 2 187.16 59.06 2 208.05 61.41 2
1 0.7454683840749414 0.4273020833333333 0.06208430913348947 0.22777083333333334 0 0 0 0 0 0 0 0 0 0 0 0 0 0 0 641.4 150.44 2 663.14 152.04 2 636.64 174.59 2 0 0 0 0 0 0 0 0 0 635.74 194.57 2 651.18 195.38 2 622.97 210.2 2 641.12 224.59 2 610.12 230.75 2 636.71 259.77 2
1 0.5855679156908665 0.31074999999999997 0.11862997658079626 0.252875 465.41 123.67 2 463.97 121.4 2 0 0 0 468.1 108.07 2 0 0 0 497.66 88.47 2 470.96 118.92 2 522.65 94.98 2 464.15 137.23 2 535.89 120.53 2 449.42 162.18 2 548.95 121.42 2 521.58 119.96 2 545.7 169.21 2 510.81 156.92 2 550.73 209.85 2 506.3 201.75 2
1 0.7001170960187353 0.4358333333333333 0.07969555035128806 0.49120833333333336 582.72 95.41 2 587.63 91.31 2 0 0 0 604.67 96.81 2 0 0 0 621.55 137.67 2 589.65 116.03 2 631.93 171.93 2 564.21 154.61 2 612.38 198.41 2 0 0 0 595.25 221.6 2 570.27 204.87 2 576.72 270.39 2 563.87 251.58 2 576.95 327.09 2 0 0 0
1 0.6268149882903981 0.5597291666666666 0.08407494145199063 0.3454583333333333 0 0 0 0 0 0 0 0 0 0 0 0 0 0 0 514.74 185.76 2 563.22 188.3 2 499.4 211.7 2 571.2 221.13 2 0 0 0 570.68 244.94 2 518.92 249.62 2 551.23 251.52 2 520.74 302.19 2 553.44 288.9 2 520.39 351.58 2 546.99 338.09 2
1 0.7729687500000001 0.578326388888889 0.094625 0.426875 956.25 273.33 2 963.77 263.53 2 950.59 262.72 2 982.12 267.02 2 0 0 0 1023.56 307.36 2 928.84 303.87 2 1049.96 371.28 2 0 0 0 1005.34 415.62 2 0 0 0 1001.41 431.32 2 940.71 416.88 2 955.88 501.17 2 0 0 0 952.61 570.07 2 1032.91 511.45 2
1 0.39930859375 0.44128472222222226 0.18133593750000002 0.4600694444444444 491.26 166.87 2 497.12 152.1 2 478.5 156.58 2 0 0 0 453.01 156.37 2 551.91 158.4 2 430.13 188.67 2 627.17 216.03 2 395.06 267.38 2 600.28 268.5 2 440.33 315.59 2 541.69 302.46 2 473.03 323.35 2 557.09 384.61 2 479.37 405.71 2 544.38 449.77 2 483.96 483.35 2
1 0.29736666666666667 0.5565457413249212 0.11036666666666667 0.5633753943217665 0 0 0 0 0 0 0 0 0 0 0 0 0 0 0 158.9 87.76 2 200.47 87.13 2 154.18 127.46 2 211.53 122.8 2 145.31 160.38 2 0 0 0 172.41 152.04 2 199.67 150.85 2 176.32 200.69 2 200.42 213.4 2 184.11 243.91 2 202.55 265.72 2
1 0.53903515625 0.6291180555555556 0.1384921875 0.28951388888888885 688.9 358.61 2 695.05 348.74 2 681.52 349.01 2 703.61 350.45 2 672.45 351.0 2 718.03 378.97 2 653.86 377.02 2 752.78 396.85 2 625.48 390.64 2 778.6 378.79 2 601.33 371.58 2 705.61 456.12 2 659.86 455.04 2 725.83 502.14 2 639.82 500.42 2 726.21 557.19 2 638.36 549.21 2
1 0.59205078125 0.40642361111111114 0.0794609375 0.13504166666666667 748.7 247.11 2 751.22 244.01 2 0 0 0 758.98 246.53 2 0 0 0 782.13 263.19 2 738.68 253.7 2 796.88 282.14 2 722.68 255.05 2 808.68 300.83 2 706.97 257.82 2 766.9 303.31 2 738.77 297.55 2 771.18 326.07 2 724.63 317.31 2 754.99 341.24 2 710.92 332.65 2
1 0.514515625 0.42323611111111115 0.034187499999999996 0.16491666666666666 0 0 0 0 0 0 0 0 0 0 0 0 0 0 0 666.08 245.36 2 680.46 255.16 2 0 0 0 0 0 0 0 0 0 0 0 0 640.63 296.53 2 646.93 299.13 2 0 0 0 658.38 328.32 2 0 0 0 636.7 364.1 2
1 0.6046875 0.5036805555555556 0.042703124999999995 0.20227777777777775 0 0 0 0 0 0 0 0 0 0 0 0 0 0 0 754.29 289.83 2 761.04 296.96 2 0 0 0 786.34 307.07 2 0 0 0 801.33 292.51 2 749.04 351.79 2 759.92 355.15 2 747.72 392.55 2 0 0 0 746.67 435.47 2 0 0 0
1 0.82469140625 0.5101805555555555 0.0469921875 0.4438611111111111 0 0 0 0 0 0 0 0 0 0 0 0 0 0 0 1072.82 231.03 2 1066.85 207.54 2 1085.68 312.72 2 0 0 0 1025.53 311.48 2 0 0 0 1071.26 370.7 2 1049.34 348.22 2 1045.42 443.96 2 0 0 0 1039.14 527.12 2 0 0 0
1 0.6696896955503513 0.6814583333333334 0.09254098360655738 0.325 0 0 0 0 0 0 0 0 0 0 0 0 0 0 0 586.53 249.1 2 611.43 262.89 2 0 0 0 605.85 295.04 2 0 0 0 604.84 328.57 2 574.82 309.91 2 593.09 323.81 2 559.57 355.17 2 592.6 363.03 2 532.4 405.1 2 0 0 0
1 0.6534601873536299 0.4879583333333333 0.04162763466042154 0.20495833333333333 0 0 0 0 0 0 0 0 0 0 0 0 0 0 0 575.83 185.03 2 574.86 191.3 2 0 0 0 0 0 0 0 0 0 0 0 0 567.93 219.45 2 568.0 224.27 2 560.68 247.6 2 575.77 253.06 2 540.28 267.39 2 570.18 283.41 2
1 0.746156462585034 0.4486458333333333 0.0908843537414966 0.3102916666666667 0 0 0 0 0 0 0 0 0 219.5 70.44 2 0 0 0 218.02 78.82 2 222.99 74.46 2 0 0 0 230.11 87.83 2 0 0 0 0 0 0 218.43 105.58 2 220.97 102.02 2 210.56 121.68 2 225.25 126.2 2 206.01 137.23 2 232.73 144.91 2
1 0.6836474358974359 0.7210820045558086 0.0445 0.4565603644646925 0 0 0 0 0 0 0 0 0 0 0 0 0 0 0 529.51 226.01 2 550.6 225.01 2 520.5 237.75 2 0 0 0 523.99 219.78 2 532.14 216.34 2 529.23 289.89 2 548.74 291.17 2 521.71 337.11 2 547.63 356.68 2 515.89 386.34 2 542.95 416.77 2
1 0.4428397435897436 0.31113895216400905 0.03667948717948718 0.32961275626423686 348.66 66.55 2 350.05 64.26 2 346.25 64.24 2 0 0 0 343.26 64.94 2 354.6 81.02 2 336.28 81.11 2 359.72 107.2 2 332.78 108.01 2 358.64 133.93 2 344.3 105.18 2 353.23 130.43 2 339.63 132.35 2 352.25 171.18 2 337.71 175.06 2 350.18 208.94 2 331.11 207.43 2
1 0.7452695312500001 0.6231736111111112 0.0933671875 0.40284722222222225 932.68 328.16 2 936.15 321.65 2 928.87 320.66 2 952.75 303.66 2 0 0 0 989.55 320.06 2 905.29 327.81 2 1002.06 359.46 2 900.21 379.76 2 1013.7 398.78 2 894.35 426.12 2 973.17 427.68 2 924.3 428.36 2 973.04 518.22 2 910.35 487.24 2 974.33 593.71 2 894.19 545.04 2
1 0.3745546875 0.40969444444444447 0.046171875 0.15661111111111112 0 0 0 0 0 0 0 0 0 0 0 0 0 0 0 243.31 119.3 2 243.55 123.07 2 0 0 0 238.6 137.7 2 254.49 132.67 2 247.82 146.06 2 235.58 144.73 2 235.94 146.37 2 253.65 162.46 2 240.37 160.85 2 0 0 0 224.94 175.68 2
1 0.420890625 0.5958611111111111 0.06803125 0.24505555555555555 0 0 0 0 0 0 0 0 0 0 0 0 0 0 0 263.48 170.4 2 288.91 177.92 2 255.26 179.66 2 291.14 197.09 2 247.6 184.27 2 286.06 201.36 2 258.15 200.93 2 275.44 203.47 2 0 0 0 277.11 235.47 2 0 0 0 267.24 258.62 2
1 0.28831640625 0.5380902777777778 0.0709609375 0.3098472222222222 336.81 279.02 2 337.72 275.88 2 0 0 0 352.76 276.33 2 0 0 0 361.19 310.27 2 379.34 293.8 2 363.1 365.43 2 401.64 343.07 2 323.63 371.1 2 0 0 0 388.0 378.85 2 391.84 371.31 2 374.83 449.79 2 0 0 0 397.96 498.97 2 414.46 485.44 2
1 0.5899951171875 0.3865950520833333 0.166103515625 0.23779947916666666 0 0 0 0 0 0 0 0 0 0 0 0 0 0 0 630.38 216.42 2 537.71 205.59 2 0 0 0 519.11 238.17 2 579.8 297.85 2 0 0 0 653.13 289.83 2 596.79 299.97 2 673.99 337.25 2 597.97 350.16 2 689.2 367.75 2 606.46 388.22 2
1 0.66687109375 0.3109791666666667 0.060867187499999996 0.2774027777777778 0 0 0 0 0 0 0 0 0 0 0 0 865.88 124.04 2 840.02 125.21 2 853.91 156.95 2 870.55 133.73 2 865.6 183.24 2 892.55 141.35 2 890.92 188.59 2 814.64 206.99 2 824.93 218.78 2 0 0 0 839.67 266.47 2 0 0 0 827.99 323.77 2
1 0.5815519937451133 0.5021458333333333 0.21955433932759968 0.5007083333333333 0 0 0 0 0 0 0 0 0 0 0 0 777.83 209.77 2 728.02 212.19 2 765.6 235.22 2 798.11 202.68 2 840.65 248.87 2 859.24 181.29 2 884.21 216.09 2 681.64 337.1 2 722.81 353.49 2 657.72 446.07 2 727.0 465.38 2 603.4 541.8 2 727.69 530.6 2
1 0.43023437500000006 0.3519861111111111 0.080859375 0.3442222222222222 0 0 0 0 0 0 0 0 0 0 0 0 0 0 0 599.64 130.33 2 523.82 129.51 2 0 0 0 498.95 146.8 2 0 0 0 500.24 198.84 2 591.33 209.55 2 541.32 210.02 2 602.45 278.5 2 535.15 255.8 2 579.62 377.35 2 548.83 309.71 2
1 0.62923046875 0.48000000000000004 0.1492265625 0.5764722222222223 0 0 0 0 0 0 0 0 0 0 0 0 0 0 0 839.9 156.52 2 765.08 163.48 2 900.92 187.74 2 709.91 222.05 2 882.1 138.07 2 726.06 310.23 2 812.08 309.68 2 759.81 319.13 2 769.38 411.41 2 794.38 452.06 2 710.38 467.36 2 792.36 553.13 2
1 0.448546875 0.7035694444444445 0.1391875 0.5473055555555556 270.96 154.77 2 0 0 0 0 0 0 0 0 0 0 0 0 251.37 189.5 2 245.17 207.49 2 0 0 0 298.89 260.92 2 0 0 0 331.61 248.29 2 271.77 283.92 2 242.53 306.83 2 319.55 351.8 2 0 0 0 0 0 0 0 0 0
1 0.6287890625 0.6670277777777778 0.152546875 0.6202222222222222 451.24 132.54 2 0 0 0 445.47 128.49 2 0 0 0 422.08 134.71 2 429.57 155.48 2 382.64 181.02 2 0 0 0 369.94 236.21 2 0 0 0 396.14 290.03 2 420.26 265.73 2 407.42 279.7 2 0 0 0 440.58 351.77 2 353.61 316.16 2 0 0 0
1 0.61209375 0.3659537037037037 0.06439583333333333 0.16294444444444445 0 0 0 0 0 0 0 0 0 0 0 0 1164.17 307.24 2 1113.4 332.5 2 1171.17 337.01 2 0 0 0 1208.24 343.08 2 0 0 0 1237.04 320.42 2 1116.84 472.1 2 1160.91 483.22 2 0 0 0 0 0 0 0 0 0 0 0 0
1 0.45492968750000007 0.4326736111111111 0.11126562499999999 0.45290277777777777 568.23 157.28 2 575.48 148.48 2 559.56 149.93 2 0 0 0 545.3 153.96 2 611.23 181.85 2 516.29 193.95 2 636.78 253.49 2 511.1 250.23 2 653.52 310.74 2 531.31 301.83 2 601.32 318.95 2 545.28 322.44 2 602.76 388.79 2 552.92 399.93 2 591.25 441.28 2 565.59 474.57 2
1 0.22527734375000003 0.30849305555555556 0.035414062499999996 0.202125 286.66 152.63 2 287.26 149.35 2 283.44 149.81 2 0 0 0 274.08 151.83 2 290.5 158.64 2 265.69 163.96 2 0 0 0 290.45 162.09 2 0 0 0 311.02 155.38 2 299.84 214.51 2 278.16 216.85 2 306.99 255.48 2 291.93 259.6 2 305.45 293.83 2 286.39 294.88 2
1 0.85947265625 0.5759652777777777 0.0848828125 0.5995138888888889 0 0 0 0 0 0 0 0 0 0 0 0 0 0 0 1140.56 224.81 2 1154.45 198.87 2 1124.1 330.26 2 0 0 0 1058.53 352.27 2 0 0 0 1117.19 393.16 2 1135.66 365.62 2 1045.8 482.65 2 1099.4 469.09 2 1066.79 630.52 2 1073.57 561.3 2
1 0.5514355468750001 0.2543197278911564 0.07388671875 0.21163265306122447 0 0 0 0 0 0 0 0 0 0 0 0 0 0 0 291.2 48.85 2 277.65 50.78 2 297.14 48.49 2 268.65 51.62 2 301.25 43.66 2 263.42 48.44 2 292.36 72.23 2 281.72 72.62 2 294.83 88.65 2 279.55 89.83 2 293.91 100.49 2 279.95 105.88 2
1 0.44816666666666666 0.6298009259259258 0.09182291666666667 0.3374537037037037 0 0 0 0 0 0 0 0 0 0 0 0 0 0 0 918.84 497.96 2 814.38 508.97 2 948.63 559.21 2 772.33 565.9 2 904.47 584.68 2 0 0 0 919.92 662.94 2 848.93 667.61 2 937.87 778.16 2 871.67 782.12 2 939.58 849.89 2 888.79 862.41 2
1 0.45039843749999997 0.2431388888888889 0.089234375 0.41 297.48 21.56 2 298.93 16.86 2 293.77 17.27 2 0 0 0 282.42 13.73 2 307.75 29.25 2 267.04 21.72 2 316.81 64.24 2 264.83 46.18 2 310.45 95.03 2 259.7 74.65 2 298.85 80.32 2 274.43 77.05 2 297.58 118.41 2 274.24 119.48 2 305.45 161.33 2 288.12 145.45 2
1 0.558375 0.34009695290858727 0.1018125 0.2754847645429363 337.16 75.37 2 339.08 73.05 2 0 0 0 348.46 74.36 2 0 0 0 359.4 86.42 2 334.19 84.11 2 370.91 103.55 2 0 0 0 353.77 101.71 2 0 0 0 356.82 119.72 2 339.84 116.36 2 367.39 144.28 2 324.78 142.26 2 389.94 153.04 2 329.32 172.5 2
1 0.32378906250000006 0.34717451523545706 0.136578125 0.27994459833795016 179.74 77.85 2 181.52 74.8 2 0 0 0 191.79 76.05 2 0 0 0 209.82 89.5 2 191.72 88.29 2 224.86 109.47 2 0 0 0 201.23 114.61 2 0 0 0 213.24 123.58 2 195.26 120.08 2 226.19 153.82 2 180.21 147.79 2 250.93 172.82 2 163.52 175.86 2
1 0.18258593750000002 0.26032638888888887 0.07621875 0.30315277777777777 233.39 86.74 2 234.53 78.3 2 225.3 81.96 2 0 0 0 213.35 88.37 2 239.05 110.23 2 190.43 126.78 2 254.19 141.23 2 184.93 164.37 2 257.92 165.93 2 217.91 186.61 2 246.78 181.72 2 213.1 195.67 2 273.95 228.14 2 233.57 238.1 2 282.49 290.3 2 251.9 296.57 2
1 0.23384375000000004 0.4082708333333333 0.042625 0.18604166666666666 0 0 0 0 0 0 0 0 0 0 0 0 0 0 0 279.6 226.98 2 308.64 227.57 2 273.31 251.75 2 309.51 257.91 2 0 0 0 326.6 274.42 2 283.6 282.18 2 307.04 285.49 2 288.54 323.9 2 314.34 318.04 2 272.04 357.7 2 316.92 360.93 2
1 0.3123863636363637 0.3748020833333333 0.09147727272727274 0.15010416666666665 0 0 0 0 0 0 0 0 0 0 0 0 0 0 0 220.69 150.59 2 210.9 143.88 2 210.15 174.96 2 201.44 166.77 2 194.43 192.33 2 187.72 180.33 2 243.59 174.95 2 232.49 166.87 2 221.34 204.58 2 208.66 194.46 2 252.12 215.93 2 0 0 0
1 0.5536145833333334 0.3245277777777778 0.13835416666666667 0.35561111111111116 285.09 54.86 2 287.99 52.82 2 0 0 0 298.94 56.72 2 0 0 0 295.19 79.11 2 298.7 63.11 2 272.83 105.51 2 0 0 0 259.9 90.87 2 270.79 82.68 2 269.29 126.68 2 276.64 117.73 2 242.88 140.25 2 264.27 146.69 2 232.53 180.84 2 258.21 172.34 2
1 0.7583125 0.4253055555555556 0.084828125 0.3169166666666667 989.21 199.91 2 996.74 192.86 2 988.73 192.13 2 1010.51 201.97 2 0 0 0 1024.93 245.59 2 978.85 207.23 2 1014.28 285.44 2 0 0 0 981.84 314.04 2 946.66 270.3 2 1008.01 326.57 2 971.07 304.43 2 1006.33 370.54 2 947.53 369.63 2 1019.81 417.87 2 916.35 420.31 2